00001000000000000000000000011101
00000000000000000000000000000000
01000000000110100110100000000000
00110011010110110000000000001100
10001111011110110000000000100000
00000000000000000000000000000000
00000011011000000000000000001000
00000000000000000000000000000000
00000000000000000000000000110000
00000000000000000000000000111100
00000000000000000000000001010100
00000000000000000000000001101000
00000000000000000000000000000000
01000010000000000000000000011000
00000000000000000000000000000000
00000000000000000000000000000000
01000000000110100111000000000000
00100011010110100000000000000100
01000000100110100111000000000000
01000010000000000000000000011000
00000000000000000000000000000000
00000000000000000000000000000000
00001000000000000000000000010000
00000000000000000000000000000000
00000000000000000000000000000000
00000000000000000000000000000000
00000000000000000000000000000000
00001000000000000000000000010000
00000000000000000000000000000000
00100000000010000000000000001111
01000000100010000110000000000000
10001100000010000000000001001000
10001100000010010000000001001100
00000001000010010100000000100000
00000000000000000000000000000000
00000000000000000000000000001100
00000000000000000000000000000000
00000001001010000000000000011010
00000000000000000000000000000000
00110100000001000000000001010000
00100000000001010000000000000100
00000000000000000100000000100000
10001100100010010000000000000000
00100000100001000000000000000100
00000001000010010100000000100000
00100000101001011111111111111111
00010100101000001111111111111011
00000000000000000000000000000000
00001000000000000000000000110000